позитивные = правильный ввод, негативные = некорректный и граничные тесты
https://www.math10.com/en/algebra/horner.html#google_vignette

вспомогательные смысловые модальные

1 1 1 1 1 1 1 1 1 1 1 1 1
1 0 0 0 0 0 1 0 6 6 6 6 1
1 0 0 3 3 0 1 0 0 6 6 6 1
1 0 3 3 3 3 1 0 0 6 6 6 1
1 0 3 3 3 3 1 0 6 0 0 6 1
1 0 0 3 3 0 1 0 0 0 0 0 1
1 0 0 7 7 0 1 0 0 0 0 0 1
1 1 1 1 1 1 1 1 1 1 1 1 1
1 0 0 7 7 0 1 0 0 0 0 0 1
1 0 0 7 7 0 1 0 0 0 0 0 1
1 0 7 7 7 7 1 0 0 0 0 0 1
1 0 0 0 0 0 1 0 0 0 0 0 1
1 0 0 0 0 0 1 0 0 0 0 0 1
1 0 0 0 0 0 1 0 0 0 0 0 1
1 1 1 1 1 1 1 1 1 1 1 1 1

4 3 1
9 0 55
-4 7 111
4 55 111
-4 0 1